GEO_ID,Total,Perc_two_or_more,Perc_white,Perc_black_afam,Perc_amindian_alnative,Perc_asian,Perc_hawaii_pi,Perc_other_race,PercU18
2000100,7080,1.0,25.0,59.9,0.4,1.8,0.0,12.0,2.4
2000200,4542,4.2,47.7,28.2,0.0,2.3,0.0,17.6,21.1
2000400,5634,3.7,46.6,30.2,0.5,4.0,0.0,15.0,20.0
2001600,5917,2.7,40.7,41.1,0.0,0.2,0.0,15.3,25.4
2001900,2765,6.1,21.2,37.6,0.0,3.4,0.0,31.7,27.4
2002000,9409,3.3,33.9,47.7,1.9,0.3,0.0,12.9,27.2
2002300,4600,1.9,10.4,46.1,1.5,0.0,0.0,40.1,24.0
2002400,172,8.1,40.1,51.7,0.0,0.0,0.0,0.0,23.8
2002500,5887,2.7,15.3,22.8,0.4,0.8,0.3,57.6,28.0
2002701,2868,1.2,8.5,34.4,0.0,0.0,0.0,55.9,35.6
2002702,4702,4.1,10.2,44.0,1.7,0.0,0.0,39.9,33.0
2002800,5269,5.7,12.8,69.7,0.0,0.6,0.0,11.2,17.7
2003100,1703,5.3,21.6,29.9,0.0,2.1,0.0,41.2,24.1
2003300,3534,3.3,12.9,34.4,2.6,0.0,0.0,46.8,33.8
2003500,3900,2.4,14.0,36.5,2.1,0.0,0.0,45.0,31.8
2003700,269,0.0,34.2,27.9,0.0,0.0,0.0,37.9,5.2
2003800,1434,0.0,55.4,34.5,0.4,0.5,0.0,9.2,23.7
2003900,6742,0.0,14.3,20.5,0.7,0.0,0.0,64.5,27.5
2004001,1485,2.6,30.3,11.0,0.0,11.8,0.0,44.4,21.3
2004100,5517,4.7,13.0,25.1,0.0,0.7,0.0,56.5,29.6
2004200,7207,2.8,31.9,50.2,0.0,1.2,0.0,13.9,29.7
2004300,6088,4.9,14.8,31.6,0.6,0.7,0.0,47.4,28.7
2004400,4607,3.5,12.3,42.7,0.5,2.2,0.0,38.9,28.6
2004600,1817,6.2,45.0,36.0,0.0,0.0,0.0,12.8,28.1
2004800,4680,8.4,10.3,24.1,3.2,0.0,0.0,53.9,24.5
2005001,4979,3.4,10.4,25.7,1.3,1.0,0.0,58.3,29.0
2005002,5519,3.5,12.3,22.0,0.7,1.3,0.0,60.1,30.2
2005100,5588,3.6,9.8,33.9,0.0,0.5,0.0,52.1,33.1
2005200,2091,4.6,14.9,24.2,1.7,0.4,0.0,54.2,29.7
2005300,4483,3.3,9.2,58.8,1.6,0.2,0.0,26.9,39.9
2005400,6003,2.1,13.0,26.8,7.0,1.3,0.0,49.8,26.3
2005600,2384,1.6,12.1,29.9,1.3,0.5,0.0,54.5,26.8
2005902,2532,3.6,20.3,26.7,0.0,1.5,0.0,48.0,22.6
2006000,1451,1.4,25.3,21.4,0.0,3.0,0.0,49.0,21.6
2006100,3697,3.1,6.9,74.8,0.0,0.5,0.0,14.7,8.1
2006200,7184,1.8,12.3,38.3,0.9,2.7,0.0,44.0,31.2
2006300,4497,4.7,22.0,29.5,0.5,1.4,0.0,41.8,24.9
2006400,3612,4.3,12.7,39.3,0.0,2.8,0.0,40.8,25.7
2006500,5312,4.6,18.2,34.7,0.0,1.9,0.0,40.5,29.4
2006700,7256,2.7,6.5,31.3,0.0,0.0,1.3,58.2,29.3
2006800,3294,4.6,8.0,28.1,1.3,10.6,0.0,47.5,28.7
2006900,8090,3.5,13.3,41.0,0.5,0.5,0.0,41.3,30.3
2007000,4584,4.1,22.1,25.4,0.0,12.5,0.0,36.0,24.1
2007100,2722,3.8,12.5,39.3,0.4,2.4,0.0,41.6,26.2
2007200,5891,9.7,15.3,12.6,1.4,32.1,0.0,28.9,24.5
2007300,4314,1.8,17.3,26.5,0.0,0.0,2.4,52.1,32.8
2007400,3314,3.4,43.9,32.8,0.0,0.0,0.0,19.8,20.4
2007500,6112,3.6,11.9,45.2,2.3,0.7,0.0,36.3,30.8
2007600,5458,1.3,20.5,24.1,0.2,6.1,0.0,47.7,25.1
2007700,2022,2.0,15.5,36.7,1.9,0.7,0.0,43.1,28.0
2007800,7025,2.1,22.1,27.4,0.0,9.1,0.0,39.3,26.6
2007900,7054,1.7,9.0,33.5,0.0,0.0,0.8,55.1,32.9
2008300,6519,4.0,13.1,25.1,0.4,5.6,0.0,51.8,27.1
2008400,2780,3.4,31.2,33.9,3.5,8.3,0.0,19.6,24.9
2008500,5972,2.7,8.8,31.0,0.8,0.1,0.0,56.6,27.7
2008600,3982,3.8,40.5,39.1,0.0,0.5,0.0,16.1,26.0
2008700,6150,1.8,10.6,30.4,1.1,0.4,0.0,55.7,24.7
2008900,3200,3.6,9.6,26.3,1.5,0.1,0.0,58.9,29.8
2009000,3620,1.8,42.1,30.6,0.7,1.5,0.0,23.3,26.3
2009200,6091,8.3,19.9,20.1,0.0,17.9,0.0,33.8,24.7
2009300,6104,1.6,10.3,37.3,0.2,0.0,0.0,50.7,24.2
2009600,2683,3.0,22.2,25.1,0.7,19.8,0.0,29.3,22.3
2009800,4824,2.2,43.1,29.6,0.0,4.9,0.0,20.2,21.3
2011000,0,,,,,,,,
2011502,4437,5.2,7.4,42.8,0.0,0.2,1.0,43.5,35.7
2011700,1586,4.5,10.3,38.3,1.5,0.0,0.0,45.3,29.6
2011800,5400,3.7,73.1,5.4,0.0,5.4,0.1,12.2,14.0
2011900,5557,3.6,12.6,29.2,0.7,0.6,0.0,53.3,28.2
2012101,2906,5.3,14.9,33.1,0.2,1.0,0.0,45.6,26.8
2012102,1509,4.9,16.0,19.1,0.0,0.0,0.0,60.0,23.5
2012300,4095,4.9,7.5,34.5,0.1,0.9,0.0,52.1,24.9
2012500,4195,5.7,9.1,34.7,0.6,2.8,0.0,47.0,28.8
2012701,1832,0.8,22.6,20.5,1.3,3.5,0.0,51.3,21.0
2012901,4147,2.1,12.7,38.3,0.0,0.9,0.7,45.2,30.2
2013000,1498,5.1,66.6,10.1,0.0,0.0,0.0,18.2,17.2
2013100,5076,2.1,14.5,43.6,0.3,0.2,0.0,39.4,28.9
2013200,7191,0.0,54.9,26.7,0.0,1.9,0.0,16.5,22.0
2013300,5995,1.9,13.3,40.6,1.8,3.8,0.0,38.6,21.6
2013500,3541,5.3,15.8,42.5,0.3,0.0,3.7,32.3,28.3
2013800,2597,1.8,69.6,7.5,0.0,6.1,0.0,15.0,20.5
2014100,5865,3.2,8.2,45.6,0.5,0.2,0.0,42.3,29.5
2014300,1399,1.2,4.4,67.5,2.8,0.0,0.0,24.1,24.9
2014400,5513,3.2,25.6,40.2,0.0,4.0,0.0,27.0,25.4
2014500,8004,3.1,6.3,47.5,0.6,0.1,0.0,42.4,34.2
2014701,7120,6.9,10.9,47.0,0.0,0.0,0.0,35.2,34.0
2014702,5348,1.1,9.2,41.8,0.9,0.0,0.0,46.9,31.4
2014900,4769,5.8,13.4,36.7,0.0,0.0,0.0,44.1,27.1
2015100,5029,2.2,8.6,48.4,0.0,0.0,0.0,40.8,29.0
2015200,2586,2.1,47.1,7.4,0.0,4.7,0.0,38.8,23.0
2015300,4885,1.9,3.9,57.0,0.0,2.3,0.0,34.9,30.6
2015500,2884,3.3,7.7,24.4,0.0,2.0,0.0,62.6,26.5
2015700,4427,1.1,13.7,22.8,0.0,2.5,0.0,59.9,21.6
2015800,1082,8.0,44.6,6.5,0.0,2.8,0.0,38.1,20.8
2015900,1971,1.9,18.0,9.1,1.6,1.0,0.0,68.5,22.1
2016000,3870,1.2,63.3,2.2,0.0,3.4,0.0,29.9,19.1
2016100,4361,1.7,7.3,37.2,0.0,0.0,0.3,53.6,29.2
2016200,1966,3.7,59.8,4.1,2.2,0.5,0.0,29.7,19.2
2016300,0,,,,,,,,
2016400,993,1.4,83.5,3.8,0.0,0.0,0.0,11.3,16.4
2016500,965,5.7,18.2,47.6,0.0,0.6,0.0,27.9,30.1
2016600,2364,6.1,49.2,10.5,0.0,5.1,0.0,29.1,21.2
2016700,3625,3.9,11.3,53.2,0.5,0.0,0.0,31.1,41.0
2016900,1513,0.9,14.7,52.5,0.0,0.3,0.0,31.6,25.0
2017100,0,,,,,,,,
2017300,5689,6.0,9.9,40.3,0.0,2.7,0.0,41.1,21.5
2017500,7223,2.1,9.3,40.9,6.2,0.2,0.0,41.3,26.4
2017701,4812,0.6,12.4,42.7,0.0,0.0,0.0,44.2,29.0
2017702,5786,5.3,11.5,36.5,0.0,2.2,0.0,44.5,25.6
2017901,5006,2.1,12.3,30.1,5.9,1.5,0.0,48.0,30.5
2017902,3701,1.7,13.1,31.7,1.1,0.6,0.0,51.8,25.6
2018101,3107,1.1,5.1,47.6,2.7,0.0,0.0,43.5,28.6
2018102,5791,0.9,14.4,42.5,0.0,3.6,0.0,38.6,31.6
2018301,4022,3.9,9.8,36.8,0.2,2.2,0.0,47.0,15.8
2018302,3814,3.7,10.5,33.5,0.0,0.6,0.0,51.7,26.0
2018400,4018,2.5,68.0,2.4,0.0,1.3,0.5,25.3,20.1
2018500,8625,4.2,8.8,51.2,1.9,0.0,0.0,33.9,28.2
2018900,8259,1.9,18.0,30.7,0.2,0.6,0.0,48.6,30.1
2019300,5942,1.4,10.8,46.1,0.4,1.4,0.0,39.8,32.2
2019400,2334,7.4,37.2,10.2,2.2,3.0,0.1,39.9,26.1
2019500,7418,8.7,13.8,39.5,0.1,0.2,0.0,37.7,26.7
2019700,7165,1.8,13.6,24.8,0.8,6.6,0.0,52.5,28.7
2019900,8462,6.6,17.9,34.7,0.0,0.0,0.0,40.8,26.7
2020000,4548,7.9,12.2,11.2,1.1,25.2,0.4,41.9,30.3
2020100,4254,1.9,13.2,37.3,0.0,0.4,0.0,47.1,30.9
2020200,2252,6.3,24.5,15.2,0.3,13.9,0.0,39.8,25.0
2020400,3091,6.5,23.7,11.0,0.0,18.0,0.0,40.8,18.1
2020501,7041,4.7,6.8,29.5,0.6,0.3,0.0,58.1,25.7
2020502,2163,3.5,5.6,36.1,0.0,0.3,0.0,54.6,24.5
2020601,2336,3.9,22.6,10.1,0.0,27.8,0.0,35.7,19.9
2020900,4499,2.7,10.7,41.8,0.0,0.0,0.0,44.9,22.8
2021001,8825,5.7,11.5,53.3,1.0,7.7,0.2,20.5,18.2
2021002,7710,5.0,12.4,53.5,0.0,16.8,0.0,12.3,21.9
2021100,5138,4.5,5.0,43.6,0.4,0.6,0.0,45.9,33.6
2021200,4960,4.5,14.6,44.1,0.9,20.4,0.0,15.5,19.6
2021301,1361,1.2,14.0,23.6,2.8,0.0,1.0,57.4,30.4
2021302,6040,1.9,7.6,52.7,0.0,0.7,0.7,36.4,29.4
2021501,4716,2.9,9.1,30.5,0.1,0.0,0.0,57.5,31.6
2021502,6349,1.2,5.2,27.6,0.2,0.0,0.0,65.7,28.6
2021601,4356,3.4,20.8,31.9,1.1,3.1,0.0,39.7,25.6
2021602,5635,7.2,21.7,36.8,1.0,19.4,0.0,13.9,19.7
2021700,5147,4.1,7.7,52.4,0.6,0.8,0.0,34.4,25.2
2021800,7017,0.5,17.5,36.4,0.0,2.4,0.0,43.3,26.3
2021900,1045,2.3,10.0,11.6,0.6,1.0,0.0,74.5,21.1
2022000,2243,1.5,10.7,24.3,0.0,7.8,0.0,55.6,28.5
2022101,3896,6.4,7.3,16.3,0.0,6.2,0.0,63.8,35.4
2022102,5528,5.5,12.7,18.3,1.0,0.9,2.1,59.5,31.9
2022200,3242,4.5,19.2,12.7,3.4,27.2,0.0,32.9,20.2
2022300,5078,13.8,12.8,16.3,0.8,0.2,0.0,56.1,22.5
2022401,2637,2.7,15.3,19.3,0.0,5.4,0.0,57.3,20.1
2022403,3374,6.0,25.4,22.8,0.9,0.8,0.0,44.1,20.9
2022404,4209,3.7,30.5,25.3,1.9,4.8,0.0,33.8,16.2
2022500,8271,5.4,11.0,30.4,0.0,1.9,0.0,51.4,30.6
2022701,5194,2.4,11.6,40.6,0.6,2.0,0.0,42.8,22.8
2022702,1617,1.2,15.5,24.4,1.5,5.7,0.0,51.8,25.2
2022703,1736,5.8,16.3,27.2,0.0,6.5,0.0,44.1,29.6
2022800,6096,6.4,29.7,20.6,0.0,12.5,0.0,30.8,23.5
2022901,5866,5.4,11.6,48.3,0.6,1.1,0.5,32.5,33.6
2022902,3578,4.9,15.7,28.9,0.0,0.6,0.0,49.9,32.5
2023000,2832,3.2,25.9,12.6,4.5,6.7,0.0,47.0,32.1
2023100,1602,0.2,28.3,42.8,0.0,0.0,0.0,28.7,23.4
2023200,2711,2.5,35.6,12.3,1.2,3.9,0.0,44.5,27.0
2023301,3804,1.9,9.1,33.1,0.9,1.6,0.0,53.3,22.8
2023302,3627,1.2,24.6,26.2,0.6,2.2,0.0,45.1,29.8
2023501,3182,1.6,16.3,8.5,0.3,0.5,0.0,72.8,25.8
2023502,4180,1.7,23.1,27.2,0.2,1.5,0.0,46.3,16.8
2023600,1904,4.6,38.6,12.9,0.0,5.8,0.0,38.2,29.4
2023702,1143,0.0,9.6,22.0,0.0,0.3,0.0,68.1,23.1
2023703,5527,2.2,10.1,26.8,0.4,0.3,0.0,60.1,26.9
2023704,3944,1.1,2.0,24.1,0.0,0.2,0.0,72.6,34.8
2023800,2288,6.7,23.0,21.9,0.6,9.7,0.0,38.2,27.5
2023900,7684,4.6,8.7,29.5,0.0,1.0,0.0,56.2,31.7
2024000,4234,2.9,18.0,26.3,0.0,1.7,0.0,51.0,28.5
2024100,6635,0.7,10.2,34.1,0.2,0.4,0.0,54.4,27.9
2024300,5630,0.9,8.0,31.4,0.9,1.0,0.0,57.7,30.8
2024400,2277,4.2,42.7,6.2,0.4,2.2,0.0,44.3,23.0
2024501,5009,1.9,5.7,23.2,0.0,1.1,0.0,68.1,32.5
2024502,3752,0.1,13.0,31.7,2.4,0.0,0.0,52.8,27.3
2024600,2082,0.2,48.1,6.8,0.0,14.0,0.0,30.9,17.7
2024700,2037,3.7,4.6,50.7,0.2,0.3,0.0,40.6,23.4
2024800,3053,1.0,59.1,13.8,1.2,10.8,0.0,14.1,12.5
2024900,0,,,,,,,,
2025000,2582,5.2,59.9,1.7,1.1,14.1,0.0,18.1,24.1
2025100,6636,2.5,8.9,19.5,0.0,9.5,0.0,59.6,30.5
2025200,2711,6.8,49.0,6.6,2.5,13.7,0.0,21.4,19.0
2025300,6314,3.8,10.0,18.5,1.5,3.3,0.1,62.8,30.6
2025400,2097,3.6,71.6,7.4,1.2,10.5,0.2,5.4,16.8
2025500,6905,4.5,15.1,14.3,1.9,0.0,0.0,64.2,25.1
2025600,1688,5.6,43.1,21.8,0.0,11.1,0.0,18.4,22.8
2025700,1969,2.6,10.6,18.3,0.7,0.3,0.0,67.4,15.9
2026100,1950,6.5,12.6,55.8,0.2,2.7,0.0,22.3,15.7
2026300,6015,5.0,21.3,21.1,3.6,0.0,0.0,49.0,23.8
2026400,5398,4.8,46.3,8.1,0.0,8.7,0.0,32.1,23.3
2026500,7615,2.9,13.0,12.4,0.0,4.9,0.0,66.7,28.2
2026601,3352,4.4,54.4,6.3,0.0,6.6,0.0,28.4,22.6
2026602,5207,4.9,57.6,9.4,1.1,2.1,0.0,25.0,20.0
2026701,4237,6.7,6.7,18.9,2.1,14.4,0.0,51.2,27.2
2026702,7221,2.6,15.3,19.6,0.2,0.3,0.0,61.9,27.4
2026900,3364,3.4,12.8,19.6,1.2,4.4,0.0,58.5,23.3
2027300,7895,8.8,15.8,28.3,0.3,1.7,0.0,45.0,24.3
2027401,4829,3.8,83.7,1.7,0.0,1.1,0.0,9.8,19.6
2027402,3450,1.8,81.3,1.3,0.0,1.6,0.0,14.1,12.8
2027600,4,0.0,100.0,0.0,0.0,0.0,0.0,0.0,0.0
2027700,4883,6.3,21.7,14.4,2.8,3.1,0.0,51.8,29.2
2027900,7035,4.7,33.4,13.4,0.1,5.5,0.3,42.6,21.3
2028100,4236,3.9,48.0,22.1,0.0,2.8,0.7,22.6,14.5
2028300,2618,4.8,28.6,34.1,0.0,0.0,0.0,32.4,24.6
2028400,598,4.2,41.0,29.9,0.0,0.0,0.0,24.9,3.2
2028500,3527,6.2,65.3,6.1,0.4,13.1,0.0,9.0,14.9
2028600,1116,3.0,62.6,1.9,0.0,20.3,0.0,12.2,21.4
2028700,3000,3.5,38.7,14.0,1.3,7.6,0.0,34.8,17.7
2028800,3288,6.1,67.9,7.8,0.0,11.8,0.0,6.4,17.6
2028900,4773,6.3,47.5,8.1,0.0,3.2,0.0,34.9,21.8
2029301,1842,6.7,78.0,6.2,0.0,1.5,0.0,7.5,12.2
2029302,5767,12.7,65.9,7.8,0.0,1.7,0.0,11.9,18.2
2029500,4649,8.0,62.3,12.5,0.0,7.5,0.0,9.8,17.9
2029600,1592,3.0,34.9,16.7,0.9,31.1,0.0,13.4,14.6
2029700,3727,3.6,76.6,5.9,0.0,5.8,0.0,8.1,21.4
2030000,6003,2.0,44.7,10.0,0.3,5.9,0.0,37.0,19.7
2030100,1392,6.3,62.4,8.0,0.0,4.0,0.0,19.2,8.8
2030200,9213,2.2,11.5,66.9,0.0,1.5,0.0,18.0,15.8
2030701,5617,2.1,78.2,10.7,0.0,2.5,0.0,6.5,22.1
2030900,3703,1.7,83.1,8.2,0.3,3.9,0.0,2.8,14.8
2031000,4776,3.0,44.7,23.3,4.0,10.6,0.0,14.4,15.0
2031200,1598,4.6,46.7,31.9,0.0,13.8,0.0,2.9,23.5
2031400,2209,0.5,48.1,14.1,0.0,11.6,0.0,25.8,18.0
2031600,1910,4.3,47.6,9.5,0.0,12.2,0.0,26.4,22.0
2031800,1987,0.5,49.2,25.3,1.5,9.0,3.2,11.4,9.9
2031900,636,5.8,62.9,17.5,0.0,6.6,0.0,7.2,0.9
2032300,4400,3.5,68.1,13.8,0.0,8.9,0.0,5.7,13.7
2032400,3696,2.7,20.2,24.2,0.0,3.2,0.0,49.8,22.4
2032600,3859,4.4,44.5,12.4,0.1,19.8,0.0,18.8,15.4
2032800,3982,6.6,25.6,18.8,1.4,8.7,0.0,38.9,30.7
2033000,5885,0.0,50.0,15.2,0.0,0.0,0.0,34.8,22.0
2033201,5305,3.5,41.7,14.8,0.0,1.9,0.0,38.0,25.6
2033202,4218,7.3,34.2,30.7,0.8,0.9,0.0,26.2,18.7
2033400,72,0.0,16.7,80.6,0.0,0.0,0.0,2.8,5.6
2033500,2011,4.9,78.4,7.1,0.0,5.6,0.0,4.0,15.5
2033600,6697,1.3,24.0,44.3,0.4,2.3,0.0,27.7,25.9
2033700,2381,5.5,68.0,8.9,0.3,8.4,0.0,8.9,21.5
2033800,4176,4.0,16.7,39.0,1.1,8.1,0.0,31.1,21.1
2034000,5464,7.6,18.3,42.7,2.1,2.3,0.8,26.2,28.9
2034200,1982,1.4,20.1,46.4,2.8,5.3,0.0,24.0,23.9
2034300,1680,4.0,49.8,21.0,0.0,0.2,0.0,25.1,24.5
2034400,2127,4.4,13.2,35.5,1.4,14.7,0.0,30.8,19.0
2034500,3357,4.9,57.6,10.2,0.0,6.1,0.0,21.2,18.7
2034800,6318,7.6,19.1,48.0,0.0,2.5,0.0,22.7,25.7
2035000,2078,3.2,8.0,65.7,0.0,3.8,0.0,19.3,19.7
2035100,3766,3.1,73.9,8.0,0.5,7.0,0.0,7.4,13.7
2035600,2143,5.1,7.1,62.0,1.1,7.7,0.0,16.9,15.8
2035800,8054,3.2,9.7,74.0,0.0,2.2,0.0,11.0,16.9
2035900,1975,4.1,12.7,25.6,2.0,2.4,0.0,53.4,29.4
2036000,3149,1.6,18.7,48.3,0.0,12.9,0.0,18.6,19.1
2036100,5547,2.3,15.7,35.7,0.0,0.0,0.0,46.3,20.7
2036300,7735,3.9,20.3,23.2,0.7,0.0,1.2,50.7,28.6
2036400,2688,1.8,0.2,81.4,4.6,0.0,0.0,11.9,22.5
2036501,3705,5.0,16.3,49.2,0.4,0.0,0.0,29.1,25.2
2036502,2328,1.5,10.3,32.8,0.0,0.0,0.0,55.4,27.9
2036700,2440,2.8,14.4,29.3,0.1,3.2,0.0,50.1,34.7
2036800,1988,1.3,11.1,75.4,0.0,0.0,0.0,12.3,23.3
2036901,2289,0.7,12.5,37.7,0.3,0.0,0.0,48.8,34.6
2036902,2156,1.8,25.7,32.1,3.1,0.0,0.0,37.3,28.5
2037000,2528,1.6,10.2,71.8,0.0,1.5,0.0,15.0,20.1
2037100,4322,5.4,26.0,34.1,0.3,0.4,0.0,33.9,22.9
2037200,2279,6.8,13.7,55.0,0.0,2.2,0.0,22.3,19.8
2037300,5908,2.8,14.4,52.0,1.2,0.1,0.0,29.5,34.6
2037400,3838,1.9,12.4,59.6,0.0,0.9,0.0,25.2,23.7
2037504,3409,1.0,20.8,38.7,0.4,0.0,1.0,38.2,27.2
2037600,2319,0.2,11.2,37.1,1.9,2.3,0.0,47.3,23.0
2037800,3033,8.8,7.8,60.7,0.0,0.6,0.0,22.0,27.2
2037900,5268,2.7,8.8,52.0,0.3,2.3,0.0,33.9,35.8
2038000,5378,1.0,6.9,78.5,0.0,2.2,0.0,11.4,27.9
2038100,6909,4.9,13.9,39.5,0.0,0.0,0.0,41.7,30.2
2038200,2943,0.2,7.4,76.2,0.0,2.2,0.0,14.0,32.1
2038301,4882,2.6,8.3,28.8,0.2,0.2,0.0,60.0,26.6
2038302,6127,6.1,8.6,43.0,0.1,0.0,0.0,42.2,35.1
2038500,4757,4.0,7.2,32.0,0.7,0.0,0.0,56.1,32.5
2038600,8737,2.7,1.5,80.5,0.0,11.4,0.0,3.9,22.9
2038700,3622,2.9,21.3,19.6,0.0,0.6,0.0,55.7,23.9
2038800,2780,1.9,7.8,71.8,0.0,1.7,0.0,16.8,22.9
2038900,5453,1.0,32.6,8.1,0.7,3.3,0.0,54.2,28.1
2039000,2766,1.7,7.8,85.4,0.0,2.2,0.0,2.9,19.3
2039100,7438,8.2,22.5,15.4,0.0,1.9,0.0,51.9,30.1
2039200,1655,2.0,7.4,74.3,0.0,0.0,0.0,16.3,20.6
2039300,8721,5.6,13.7,29.0,0.0,1.1,0.0,50.6,31.7
2039400,5308,4.7,11.2,68.4,2.9,0.0,0.0,12.8,24.5
2039500,4228,0.8,13.8,49.0,1.2,0.7,0.0,34.4,29.2
2039600,4741,2.1,5.3,81.5,0.0,0.4,0.0,10.7,30.3
2039700,3881,3.3,66.6,8.5,0.0,6.2,0.0,15.4,4.7
2039800,3587,0.0,9.9,87.5,0.0,0.9,0.0,1.7,21.7
2039901,5615,2.1,10.3,19.9,0.0,4.8,0.0,62.9,26.2
2039902,5346,8.1,11.7,18.1,1.3,1.5,0.6,58.7,28.2
2040100,4610,2.3,10.0,12.6,0.0,3.7,0.0,71.4,25.3
2040302,4300,3.2,10.3,14.7,2.1,4.1,0.0,65.7,29.3
2040303,5102,4.2,12.5,17.8,4.3,2.9,0.0,58.3,24.8
2040304,3903,2.0,8.9,9.2,0.3,5.4,0.0,74.1,37.2
2040400,3370,0.0,5.9,88.5,0.2,0.0,0.0,5.3,19.9
2040501,4435,2.3,8.5,14.9,0.0,4.6,0.0,69.7,28.8
2040502,7260,1.3,13.4,35.0,0.2,7.1,0.0,43.1,25.6
2040600,3845,2.5,15.3,76.0,0.0,1.0,0.0,5.1,24.7
2040701,3259,0.3,16.5,12.3,0.0,1.2,0.0,69.6,24.6
2040702,6891,4.4,22.0,12.6,0.1,4.3,0.0,56.6,24.1
2040800,4595,4.2,15.1,65.2,3.5,0.7,0.0,11.3,27.8
2040900,3164,1.5,20.0,66.4,0.0,2.2,0.0,9.8,17.5
2041100,3766,0.9,19.3,21.3,0.4,4.9,0.0,53.1,23.2
2041300,8261,3.2,15.8,14.8,0.3,4.6,0.0,61.2,28.3
2041400,5163,5.3,14.3,60.5,0.0,3.0,0.0,16.9,19.0
2041500,6058,6.0,12.8,20.8,0.6,0.6,0.0,59.1,23.9
2041800,3957,7.6,15.6,56.8,0.0,13.4,0.0,6.5,22.4
2041900,6822,2.4,35.4,19.3,0.0,5.5,0.0,37.4,29.0
2042000,3799,3.9,13.2,60.6,1.9,3.9,0.7,15.7,21.3
2042100,5763,8.9,29.5,17.9,0.0,11.6,0.0,32.2,27.9
2042200,3292,2.3,4.3,83.3,0.5,0.9,0.0,8.7,24.5
2042300,4500,4.4,24.6,14.3,0.4,10.1,0.0,46.2,26.8
2042400,2562,0.3,10.7,74.9,0.3,2.8,0.0,11.0,16.6
2042500,6264,3.3,22.3,12.7,0.5,7.2,0.1,53.9,27.5
2042600,6477,0.0,7.4,81.6,0.0,8.8,0.0,2.1,16.2
2042800,2114,2.7,10.3,82.8,0.0,1.1,0.0,3.0,20.6
2042901,4046,2.4,31.2,9.8,0.0,24.7,0.0,31.9,29.6
2042902,4205,2.8,11.5,33.0,4.3,4.7,0.0,43.7,23.2
2043000,3551,5.9,8.5,69.4,0.3,5.5,0.0,10.5,20.2
2043100,10627,8.0,19.1,21.8,0.2,13.1,0.0,37.9,25.8
2043400,3884,1.5,15.3,57.7,0.0,6.1,0.0,19.3,26.5
2043500,361,1.4,8.9,50.1,28.0,0.0,0.0,11.6,43.5
2043600,2042,0.3,6.9,69.4,0.0,5.8,0.0,17.5,21.9
2044200,3760,1.8,17.8,77.0,0.0,0.0,0.0,3.4,22.2
2044400,4177,1.3,8.0,80.0,1.9,3.8,0.0,5.0,19.8
2044800,1917,0.6,5.2,83.5,0.0,0.0,0.0,10.8,15.6
2044901,1631,3.1,83.8,8.0,0.4,1.7,0.0,2.9,13.1
2044902,1876,3.7,79.0,9.5,0.0,4.6,0.0,3.1,18.7
2045101,1544,3.0,83.1,2.8,0.0,7.2,0.0,3.8,12.6
2045102,1765,2.3,83.2,6.5,0.0,1.6,0.0,6.5,15.0
2045600,3344,0.9,29.4,60.7,0.0,5.0,0.0,4.0,17.2
2045800,5605,4.3,22.7,45.6,0.0,1.1,0.3,26.0,32.3
2046000,3190,2.6,7.9,75.1,0.6,0.9,0.0,13.0,28.8
2046201,28272,5.1,19.5,60.3,0.2,3.0,0.0,11.9,15.7
2046202,9915,3.8,10.2,68.5,3.8,1.0,0.0,12.7,26.8
2048400,4126,1.9,6.9,80.1,4.0,0.2,0.0,6.9,19.8
2050400,222,5.9,55.4,27.5,0.0,1.4,0.0,9.9,47.7
2051600,4036,4.1,80.9,0.1,0.0,5.6,0.0,9.3,16.0
3000100,4473,4.0,65.3,15.2,0.7,8.9,0.0,5.9,13.7
3000200,1243,5.0,45.1,3.9,0.0,5.0,0.0,41.0,24.8
3000301,4209,5.6,84.0,2.9,0.0,5.7,0.0,1.8,17.2
3000501,4419,5.6,76.4,4.7,0.0,10.8,0.2,2.3,9.4
3000502,2570,2.5,84.2,4.9,0.0,7.9,0.0,0.5,11.8
3000700,4010,6.9,80.8,1.5,0.0,9.1,0.0,1.7,23.7
3000900,4487,5.6,74.3,7.2,0.0,12.3,0.0,0.6,13.8
3001100,1359,5.2,73.9,5.3,0.0,13.6,0.0,2.0,9.0
3001300,2217,4.0,65.9,9.6,0.0,10.9,0.0,9.7,11.4
3001500,8088,5.9,36.9,25.5,0.2,20.0,0.3,11.2,17.6
3001800,1959,3.5,38.3,43.5,1.7,1.8,0.0,11.1,0.0
3002000,1396,2.7,53.1,5.1,3.4,7.8,0.0,27.9,21.6
3002100,5143,7.0,77.5,4.1,0.0,11.2,0.0,0.2,22.3
3002200,4812,4.2,47.2,5.2,0.0,13.4,0.0,30.0,19.5
3002300,4352,8.2,7.3,50.2,2.2,16.6,0.0,15.5,28.5
3002901,4533,1.7,8.1,53.6,2.1,19.5,0.0,15.1,25.3
3003000,1635,5.9,65.0,5.1,0.0,18.3,0.0,5.7,23.9
3003100,3033,6.6,45.9,28.4,0.0,18.6,0.0,0.5,8.9
3003300,3705,10.0,54.4,25.0,0.0,7.9,0.0,2.8,14.9
3003400,3056,1.8,58.4,7.1,0.0,27.8,0.0,4.9,17.7
3003500,1892,5.0,46.0,34.0,0.0,6.8,0.0,8.2,13.6
3003600,3775,2.9,74.3,1.7,0.6,16.1,0.0,4.4,15.6
3003700,1681,5.5,69.0,8.7,0.4,16.1,0.0,0.4,13.6
3003800,1436,8.8,73.5,0.0,0.0,17.7,0.0,0.0,18.2
3003900,2364,2.4,66.4,8.2,0.5,19.3,0.0,3.3,18.5
3004100,3642,3.2,73.0,10.9,0.0,8.4,0.0,4.5,18.8
3004300,3496,8.2,68.6,10.7,0.0,9.5,0.8,2.3,15.5
3004400,2511,3.3,83.9,0.8,0.0,11.5,0.0,0.5,19.2
3004500,3546,4.5,81.5,3.6,0.0,10.2,0.0,0.2,19.7
3004600,1306,0.0,86.8,0.0,0.0,10.6,0.0,2.5,23.7
3004700,1903,6.3,65.2,16.8,0.0,7.7,0.0,4.0,28.0
3004900,2718,7.8,66.0,14.4,0.0,9.4,0.0,2.4,16.7
3005000,2320,5.0,81.5,1.2,0.0,12.0,0.0,0.2,23.5
3005100,2791,8.3,73.3,4.6,0.0,5.8,0.0,8.0,26.0
3005201,1666,0.0,79.0,0.7,0.7,17.2,0.0,2.5,9.0
3005202,2299,1.5,90.3,4.3,0.0,2.4,0.7,0.9,13.3
3005300,2245,5.9,67.5,13.1,0.3,2.4,0.0,10.8,21.8
3005400,3177,3.2,78.2,2.0,0.8,13.3,0.0,2.6,12.0
3005601,2462,2.3,84.3,6.6,0.0,4.1,0.0,2.7,12.0
3005602,1606,2.4,75.3,1.9,0.0,14.2,0.0,6.2,15.4
3005800,3092,3.2,70.1,1.7,0.0,16.3,0.0,8.7,18.3
3005900,1253,7.3,65.6,9.8,0.0,2.4,0.0,14.9,12.3
3006000,3054,2.3,72.5,0.0,0.7,15.4,0.0,9.1,25.1
3006200,2700,5.7,72.0,3.3,0.0,17.5,0.0,1.6,23.7
3006300,1922,6.1,87.8,1.4,0.0,3.5,0.0,1.2,16.9
3006400,3062,2.5,78.6,1.9,0.0,10.1,0.0,6.9,15.9
3006500,5842,4.8,88.1,1.5,0.0,4.3,0.0,1.3,21.9
3006600,3645,1.8,79.5,0.8,2.4,11.1,0.0,4.3,18.7
3006700,3894,3.9,87.2,2.0,0.5,3.5,0.0,2.9,19.7
3006800,4932,2.1,58.3,1.0,0.4,18.2,0.0,20.0,22.4
3006900,3575,3.6,83.3,4.6,0.0,4.7,0.0,3.8,14.8
3007000,2629,2.1,59.6,5.7,2.7,17.1,0.0,12.8,19.7
3007100,4890,1.7,30.2,37.5,0.0,4.1,0.0,26.5,21.4
3007200,1890,6.7,36.1,3.0,0.4,19.5,0.0,34.3,27.3
3007400,5280,0.0,26.3,1.7,0.5,25.9,0.0,45.5,29.2
3007500,4925,6.2,80.7,1.2,1.1,5.9,0.0,4.8,19.9
3007600,5146,8.9,42.6,2.4,0.0,16.8,0.0,29.2,24.2
3007700,5172,9.1,70.7,2.5,0.6,10.1,0.0,6.9,22.8
3007800,5240,0.7,43.1,6.2,0.0,11.0,0.0,39.0,23.2
3008000,3746,7.7,50.5,2.6,0.0,7.6,0.0,31.6,19.8
3008200,3942,4.7,33.9,5.1,2.1,12.7,0.0,41.6,22.9
3008400,3879,3.8,46.8,3.0,0.0,5.6,0.0,40.7,23.8
3008500,7555,4.5,14.6,54.7,1.6,5.5,3.5,15.6,28.5
3008600,0,,,,,,,,
3008800,2636,3.3,57.4,4.5,0.0,20.7,0.0,14.0,14.8
3009000,2872,2.5,23.0,3.4,1.1,35.4,0.0,34.5,26.2
3009200,5668,1.6,26.1,4.0,0.0,47.2,0.0,21.2,27.4
3009400,5253,2.3,18.6,1.8,0.0,61.5,0.0,15.7,26.4
3009600,6218,2.8,41.1,3.7,0.0,25.6,0.0,26.9,23.7
3009800,7012,0.8,21.2,2.5,0.0,39.4,0.0,36.1,30.2
3010000,6178,0.9,27.0,0.7,1.5,53.7,0.0,16.2,27.0
3010100,4057,9.5,38.2,3.3,2.1,13.0,0.0,33.9,22.3
3010200,5142,0.6,16.6,0.4,0.0,71.4,0.0,10.9,27.5
3010400,5362,0.7,9.1,1.1,0.0,84.5,0.0,4.6,21.4
3010600,4426,2.9,10.2,3.1,0.0,76.7,0.0,7.1,18.0
3010800,3795,0.4,10.7,1.6,0.0,75.2,0.0,12.1,21.9
3011000,2445,3.3,49.2,1.4,0.0,31.8,0.0,14.3,35.8
3011200,6267,2.2,62.0,2.8,0.8,22.6,0.0,9.6,33.4
3011400,4177,3.3,53.5,7.2,0.0,30.5,0.0,5.5,27.9
3011600,3414,0.1,17.5,0.4,0.4,77.7,0.0,3.9,25.7
3011700,2608,7.4,63.7,7.6,1.5,8.9,0.0,10.9,15.1
3011800,1967,1.3,5.5,0.0,0.5,82.9,0.0,9.9,23.0
3011900,1377,6.8,74.3,4.4,0.0,5.2,0.0,9.4,11.5
3012000,1107,0.0,9.3,0.0,0.0,78.0,0.0,12.7,22.0
3012100,2020,3.9,67.9,4.5,0.0,9.2,0.0,14.7,14.8
3012200,5756,2.2,21.6,0.3,0.1,45.3,0.0,30.4,24.7
3012600,2856,5.7,32.5,4.8,4.0,33.9,0.0,19.0,20.9
3012700,4800,2.1,35.2,42.4,0.5,6.8,0.0,13.0,19.4
3012801,2279,0.3,30.3,1.2,0.0,65.5,0.0,2.7,19.0
3012901,2641,4.3,69.7,7.9,0.0,3.0,0.0,15.1,15.6
3012902,2390,4.0,70.3,10.6,0.3,5.7,0.0,9.1,21.7
3013000,5028,8.2,52.5,4.3,1.0,21.8,0.0,12.1,26.0
3013100,4226,9.9,65.4,7.5,0.0,8.3,0.2,8.6,19.0
3013200,2200,0.3,31.8,3.3,0.0,52.8,0.0,11.9,28.1
3013300,4408,8.9,75.6,4.5,0.2,9.6,0.0,1.2,23.3
3013400,3976,5.4,71.5,2.2,0.6,17.1,0.0,3.2,16.8
3013500,3920,6.4,74.6,2.3,0.0,11.6,0.0,5.1,29.4
3013600,3888,3.2,75.6,1.0,0.0,15.9,0.0,4.2,21.9
3013700,3512,6.7,68.3,10.7,0.0,8.3,0.0,6.0,21.2
3013800,3083,4.7,71.3,3.2,0.0,13.8,0.0,7.0,17.3
3013900,3420,5.1,70.6,12.7,0.0,6.6,0.0,5.0,17.0
3014000,1979,3.6,71.9,3.4,0.0,17.2,0.0,3.9,19.7
3014100,3033,7.8,65.2,5.2,0.0,12.2,0.0,9.6,19.3
3014200,2755,5.3,71.3,2.2,0.0,15.3,0.0,5.8,16.4
3014300,3469,10.2,63.1,6.1,0.3,6.1,0.0,14.2,16.7
3014500,3848,8.2,70.1,0.9,1.1,5.0,0.0,14.6,13.4
3014700,2473,4.5,71.3,4.4,0.0,4.9,0.0,14.8,23.8
3014800,1320,0.5,88.0,0.0,0.0,10.5,0.0,1.0,21.7
3014900,5888,5.2,82.9,1.6,0.0,6.5,0.0,3.8,23.5
3015000,1567,1.0,76.4,0.2,0.0,19.0,0.0,3.5,16.9
3015100,4216,11.3,78.1,3.0,0.0,5.8,0.0,1.8,23.6
3015200,2382,2.4,65.0,4.9,0.0,25.8,0.0,1.9,19.3
3015300,2678,3.9,81.0,4.9,0.0,7.3,0.0,3.0,17.5
3015400,0,,,,,,,,
3015500,4028,5.3,78.5,10.3,0.7,4.4,0.0,0.8,23.4
3015700,4049,5.2,76.2,7.4,0.0,10.5,0.0,0.6,15.4
3015900,5314,2.5,80.9,3.6,0.0,7.1,0.0,5.9,17.9
3016000,3965,2.4,61.9,4.1,0.0,18.4,0.8,12.4,18.3
3016100,3235,4.4,67.7,12.7,0.1,6.9,0.0,8.2,16.4
3016200,2204,2.8,84.3,2.9,0.0,3.2,0.0,6.8,13.7
3016300,3194,4.9,71.8,12.9,0.0,7.3,0.0,3.2,14.8
3016400,1069,9.4,40.4,42.5,0.0,4.7,2.1,1.0,35.5
3016500,6003,4.4,81.5,2.8,0.2,9.2,0.0,1.9,23.7
3016600,1863,0.7,88.6,0.0,0.2,9.9,0.0,0.7,18.8
3016700,5531,3.3,87.8,1.8,0.0,6.4,0.0,0.6,24.9
3016800,1734,2.8,64.0,0.0,0.0,32.9,0.0,0.4,20.6
3016900,5003,4.0,80.0,0.7,0.0,8.9,0.0,6.3,19.8
3017000,3578,0.0,49.4,1.6,0.0,43.5,0.0,5.5,22.2
3017100,4206,2.1,87.1,0.7,0.0,6.3,0.0,3.8,24.7
3017200,3282,5.1,44.1,0.1,0.0,41.6,0.3,8.8,17.9
3017400,2184,2.9,56.3,0.0,0.2,34.0,0.0,6.5,26.1
3017500,0,,,,,,,,
3017600,2563,2.0,53.6,0.9,0.0,30.6,0.0,13.0,24.2
3017700,0,,,,,,,,
3017800,3215,0.2,40.3,2.7,0.0,39.3,0.3,17.2,25.4
3017900,4318,11.3,24.4,53.5,0.0,6.0,0.0,4.8,19.7
3018000,3352,0.3,52.3,1.5,0.0,35.4,0.0,10.6,24.0
3018100,3875,3.9,54.6,27.8,0.0,6.0,0.0,7.7,16.3
3018200,3668,2.8,39.0,1.8,0.0,49.4,0.0,7.0,22.4
3018300,2721,7.0,70.8,13.7,0.0,6.2,0.0,2.4,17.7
3018400,2769,3.3,44.4,0.0,0.0,51.4,0.0,0.9,23.0
3018501,4600,1.8,18.2,64.3,0.7,5.3,0.0,9.7,23.6
3018600,2249,1.3,50.2,0.0,0.0,40.1,0.0,8.4,23.5
3018700,1623,15.3,44.5,20.4,0.0,7.9,0.0,11.8,20.9
3018800,2702,0.7,61.4,0.3,0.0,34.8,0.0,2.8,18.9
3019000,4635,0.0,42.8,1.4,1.0,43.9,0.0,10.9,20.3
3019100,2788,4.9,61.5,18.7,0.0,9.1,0.0,5.8,18.8
3019200,3076,1.5,42.4,0.9,0.8,46.3,0.0,8.1,31.7
3019300,6010,3.7,38.5,45.6,0.0,10.1,0.1,2.1,17.2
3019400,3889,0.2,32.8,0.1,0.0,50.6,0.0,16.2,19.4
3019500,3787,2.9,55.3,34.5,0.5,4.6,0.0,2.2,11.6
3019600,3822,1.5,49.6,0.9,0.0,33.4,0.0,14.6,20.5
3019700,3615,2.9,54.6,34.6,0.0,6.5,0.0,1.4,15.4
3019800,1791,4.4,46.7,0.4,2.3,42.8,0.0,3.4,21.9
3019900,3504,5.2,56.4,28.4,0.0,4.4,0.0,5.6,16.8
3020000,2427,0.3,50.0,0.5,0.0,36.4,0.0,12.8,19.7
3020100,3808,7.1,54.2,31.6,0.0,4.9,0.0,2.2,15.2
3020200,1910,0.7,67.1,0.0,1.7,30.4,0.0,0.0,22.4
3020300,1825,3.3,44.5,31.9,0.4,12.8,0.0,7.1,17.9
3020400,2111,1.6,69.9,0.0,0.0,27.5,1.0,0.0,18.4
3020500,2918,9.0,51.0,25.0,0.5,12.9,0.0,1.6,15.1
3020600,2417,0.0,68.6,0.5,0.0,27.1,0.0,3.9,18.4
3020700,4521,6.3,59.8,24.4,0.0,6.1,0.0,3.3,16.7
3020800,3253,10.0,29.7,3.8,1.8,54.7,0.0,0.0,22.2
3021000,4153,1.0,32.7,1.1,0.0,49.8,0.0,15.3,23.9
3021100,1893,3.3,31.4,38.6,0.0,5.8,0.0,21.0,22.8
3021200,4525,0.7,24.0,0.0,0.0,65.7,0.0,9.6,19.4
3021300,4279,2.7,21.5,72.2,0.0,1.4,0.0,2.2,18.2
3021400,2252,0.0,52.4,0.0,0.0,43.5,0.0,4.2,36.9
3021500,5544,8.0,40.8,42.8,0.5,5.9,0.0,2.0,18.8
3021600,4769,0.0,87.1,0.0,0.0,11.3,0.0,1.5,44.7
3021700,3962,4.0,24.7,47.8,0.0,7.8,0.0,15.6,21.5
3021800,3449,0.4,86.6,1.1,0.0,3.3,0.0,8.6,47.6
3021900,3568,2.1,27.1,59.4,0.0,7.0,0.0,4.5,9.8
3022000,4381,0.0,92.1,2.9,0.0,5.1,0.0,0.0,43.5
3022100,3991,2.3,35.7,49.7,0.0,5.2,0.0,7.1,9.9
3022200,3943,1.6,94.9,0.0,0.0,3.5,0.0,0.0,43.8
3022400,5792,0.4,76.0,0.2,0.0,17.9,0.0,5.4,46.9
3022600,2040,0.8,52.6,1.9,0.0,12.8,0.0,31.9,31.7
3022700,3654,6.2,34.8,52.9,0.0,4.0,0.3,1.8,16.3
3022800,3687,0.8,70.5,1.5,0.0,22.1,0.0,5.2,39.6
3022900,3841,1.5,39.7,46.9,0.3,8.7,0.2,2.6,16.4
3023000,4171,1.3,84.9,2.8,0.0,8.2,0.0,2.8,49.3
3023100,3607,5.7,45.2,41.2,0.0,4.6,0.0,3.3,11.9
3023200,5406,0.0,89.1,0.6,0.0,7.1,0.0,3.2,45.4
3023300,5252,6.9,33.7,48.5,0.0,4.9,0.0,5.9,22.7
3023400,4578,0.0,96.7,0.2,0.3,0.0,0.0,2.8,48.5
3023500,4316,1.9,64.5,16.1,0.0,5.7,0.0,11.8,36.7
3023600,6000,0.2,93.0,0.2,0.8,4.7,0.2,0.9,47.6
3023800,3857,1.0,99.0,0.0,0.0,0.0,0.0,0.0,37.5
3024000,4562,1.0,94.8,1.2,0.0,0.1,0.0,2.8,36.7
3024100,2707,5.2,64.9,15.0,4.7,3.3,0.0,7.0,16.7
3024200,2872,0.0,91.1,0.0,0.0,8.7,0.0,0.2,40.7
3024300,4165,4.5,36.8,50.0,0.0,3.6,0.0,5.1,16.0
3024400,3829,0.7,81.5,0.2,0.0,8.4,0.3,9.0,42.7
3024500,4534,2.7,27.9,58.9,0.0,9.8,0.0,0.7,19.3
3024600,2942,0.7,59.3,0.1,0.2,34.3,0.0,5.3,28.9
3024700,2561,3.3,19.6,63.5,0.5,5.1,0.0,8.0,20.8
3024800,2749,1.8,42.6,1.3,0.7,43.6,0.0,10.0,26.7
3024900,4306,1.1,30.1,59.1,0.0,4.3,0.0,5.5,13.3
3025000,1755,0.8,19.7,0.0,1.4,60.3,0.0,17.8,14.6
3025100,3534,7.2,21.6,58.8,0.0,2.4,0.0,9.9,21.2
3025200,4921,3.6,42.3,2.4,0.9,36.0,0.0,14.9,19.2
3025300,3383,0.9,43.5,47.8,0.0,6.7,0.0,1.1,21.1
3025400,4083,3.2,40.2,0.0,0.2,55.3,0.0,1.0,23.5
3025500,5865,7.6,19.4,47.1,1.2,1.9,0.0,22.7,32.7
3025600,3008,3.1,24.6,1.9,0.0,65.0,0.0,5.5,23.9
3025700,2136,2.6,37.3,33.9,3.2,2.4,0.0,20.6,20.4
3025800,4486,0.0,41.8,0.0,0.0,39.1,0.0,19.1,22.4
3025901,2228,3.5,37.6,43.3,0.0,0.6,0.0,15.0,21.0
3025902,3558,1.0,18.7,53.4,0.3,3.3,0.0,23.4,36.6
3026000,3174,1.2,39.3,0.6,0.0,51.5,0.0,7.4,13.4
3026100,4781,6.5,24.6,51.6,1.4,2.4,0.2,13.3,17.7
3026200,2550,3.1,37.6,1.6,0.0,47.1,0.0,10.6,23.5
3026300,1844,1.2,26.1,62.2,1.7,2.2,0.2,6.3,17.5
3026400,4776,0.7,33.2,1.4,0.9,46.1,0.0,17.7,17.4
3026500,3991,5.7,27.5,55.2,0.7,2.0,0.0,8.9,18.6
3026600,3501,0.2,26.0,0.0,0.0,62.2,0.0,11.6,20.3
3026700,4095,5.1,29.0,59.1,0.0,2.3,0.0,4.5,15.2
3026800,3842,0.7,50.7,0.1,0.0,35.7,0.0,12.8,20.4
3026900,3121,1.3,17.4,73.4,0.0,6.9,0.0,0.9,19.0
3027000,2158,0.7,57.2,1.4,0.5,37.0,0.0,3.1,17.5
3027100,2775,1.7,11.1,78.7,0.0,6.7,0.0,1.7,26.1
3027200,3738,0.7,47.9,0.0,0.0,32.3,0.0,19.0,25.7
3027300,3317,2.7,10.4,84.4,0.5,1.7,0.0,0.2,19.3
3027400,3271,5.4,56.3,1.1,0.0,34.0,0.0,3.2,21.0
3027500,4439,4.7,18.9,67.8,0.0,5.2,0.0,3.5,19.7
3027600,3804,2.4,41.0,0.2,0.0,33.1,0.0,23.2,19.2
3027700,4735,6.2,12.3,75.8,0.8,1.0,0.0,3.9,23.2
3027800,3285,0.0,40.9,0.8,0.0,51.8,0.0,6.5,13.7
3027900,3668,5.1,15.4,77.8,0.0,0.6,0.0,1.0,16.9
3028000,1805,0.8,47.6,1.8,0.0,41.1,0.0,8.8,18.6
3028100,4649,5.7,20.1,52.8,0.2,2.8,0.0,18.5,30.2
3028200,3564,2.9,43.6,0.1,0.3,50.6,0.0,2.6,23.3
3028300,3988,3.6,31.9,51.1,0.4,2.0,0.0,11.1,22.3
3028400,3553,2.0,58.2,1.7,0.4,32.1,0.0,5.7,23.0
3028501,462,0.0,47.8,2.8,0.0,5.8,0.0,43.5,16.9
3028502,3131,5.8,5.0,60.1,0.4,4.1,0.0,24.7,25.9
3028600,4956,11.0,52.8,2.7,2.1,27.3,0.0,4.1,24.5
3028700,3003,0.4,28.2,54.2,0.9,11.1,0.0,5.1,13.1
3028800,3566,0.5,41.4,0.5,0.0,39.0,0.0,18.6,21.3
3028900,3870,11.1,19.6,59.6,1.2,1.6,0.0,6.8,21.6
3029000,4118,4.8,66.1,0.0,0.0,25.1,0.0,4.0,22.6
3029100,2927,1.5,25.4,65.8,0.0,0.3,0.0,7.0,9.9
3029200,2787,1.9,51.0,3.4,0.0,34.7,0.0,9.0,25.0
3029300,3315,1.5,16.8,64.5,2.3,6.1,0.0,8.8,20.1
3029400,2588,3.6,54.8,7.0,0.0,29.4,0.0,5.2,17.7
3029500,4266,6.7,18.0,68.5,0.0,3.7,0.0,3.2,15.4
3029600,5898,6.4,49.2,0.6,0.3,37.4,0.0,6.2,23.9
3029700,4373,5.3,11.4,81.2,0.0,1.6,0.0,0.6,16.9
3029800,3707,0.4,45.6,2.8,0.0,36.7,0.0,14.5,23.8
3029900,2968,0.8,6.6,73.1,0.0,2.4,0.0,17.1,25.9
3030000,4196,1.1,29.6,2.5,0.3,51.9,0.0,14.6,21.6
3030100,2924,2.7,6.2,88.5,0.0,1.8,0.0,0.7,22.3
3030200,4608,2.0,35.4,1.2,0.0,58.7,0.0,2.6,19.7
3030300,4795,3.2,3.4,76.2,0.0,1.5,0.0,15.7,28.3
3030400,4106,6.6,46.2,1.6,0.0,43.3,0.0,2.2,18.6
3030500,6350,1.9,45.2,40.5,0.0,5.9,0.0,6.6,9.3
3030600,1702,1.5,45.4,0.4,0.0,45.1,0.0,7.7,19.4
3030700,5544,1.6,7.4,79.7,0.0,0.6,0.0,10.8,29.7
3030800,1988,0.0,76.7,1.1,0.0,20.2,0.0,2.0,15.0
3030900,2126,5.6,5.0,81.0,0.0,6.6,0.0,1.9,28.7
3031100,2998,5.1,7.5,81.1,0.0,0.5,0.0,5.8,15.5
3031300,4675,3.4,17.8,74.9,0.4,1.5,0.0,2.0,12.9
3031400,5138,0.0,75.0,0.4,0.4,21.9,0.0,2.3,16.1
3031500,4787,5.6,37.9,50.3,0.0,3.4,0.0,2.7,6.0
3031701,3401,4.2,31.0,59.0,0.3,4.6,0.0,1.0,16.9
3031702,3589,8.2,32.8,50.9,0.0,4.2,0.0,3.9,17.2
3031900,3128,2.3,41.4,53.3,0.0,1.2,0.0,1.8,23.0
3032100,5582,1.1,26.3,62.9,0.0,2.5,0.0,7.2,17.3
3032300,3641,4.8,23.0,69.4,0.0,1.2,0.0,1.6,17.4
3032500,6685,2.1,7.6,85.2,0.0,2.7,0.0,2.4,17.1
3032600,7507,7.4,27.7,34.2,0.5,7.0,0.0,23.1,34.6
3032700,2465,2.0,25.5,65.6,0.0,0.6,0.0,6.2,12.6
3032800,2593,0.7,15.4,44.4,1.2,32.6,0.0,5.7,22.0
3032900,6224,2.4,42.6,50.0,0.0,1.6,0.4,3.0,29.4
3033000,5267,4.1,29.3,52.2,0.0,4.8,0.0,9.6,24.5
3033100,4064,0.2,61.2,38.6,0.0,0.0,0.0,0.0,18.9
3033300,4609,0.5,73.1,26.1,0.1,0.0,0.0,0.2,37.8
3033500,3089,1.7,69.1,26.2,0.0,1.3,0.0,1.7,29.3
3033600,4479,2.9,86.1,3.5,0.0,6.6,0.0,0.9,18.8
3033700,3920,4.5,41.8,45.7,1.6,3.4,0.0,3.0,26.6
3033900,4711,2.4,19.3,71.5,0.0,6.2,0.0,0.6,20.7
3034000,2210,1.5,46.1,38.9,0.0,8.0,0.0,5.5,13.0
3034100,2937,1.9,14.1,77.7,0.0,1.2,0.0,5.1,14.6
3034200,6270,1.3,37.3,39.5,0.0,2.4,0.0,19.5,23.5
3034300,5235,2.4,9.5,73.9,0.0,1.7,0.0,12.6,25.6
3034500,3085,5.7,11.8,74.9,0.0,0.5,0.0,7.1,16.1
3034700,3740,0.3,2.3,90.1,0.0,1.9,0.0,5.4,23.5
3034800,2819,0.8,38.8,4.2,0.0,18.7,0.0,37.6,30.3
3034900,6113,2.6,9.9,78.8,0.0,2.1,0.0,6.7,26.3
3035000,3017,1.7,97.0,0.7,0.0,0.0,0.0,0.7,8.6
3035100,4295,5.6,22.4,59.7,0.3,0.9,0.0,11.0,21.6
3035200,1114,0.7,66.9,18.6,0.0,4.4,0.0,9.4,3.4
3035300,5091,2.8,22.4,65.0,0.0,3.1,0.0,6.6,17.5
3035400,5503,1.3,97.8,1.0,0.0,0.0,0.0,0.0,13.4
3035500,5374,2.9,20.4,74.8,0.0,0.0,0.0,1.8,26.7
3035601,3035,2.2,91.0,6.7,0.0,0.0,0.1,0.0,6.7
3035602,5219,0.9,96.4,0.0,0.0,2.7,0.0,0.0,10.7
3035700,2440,2.5,5.8,82.1,0.3,0.4,0.0,8.8,27.6
3035900,5410,1.5,3.1,89.6,0.3,1.2,0.0,4.3,26.3
3036001,3152,3.1,95.2,1.0,0.0,0.0,0.0,0.7,11.8
3036002,4341,6.4,81.8,0.7,0.0,3.5,0.0,7.6,17.7
3036100,2830,1.3,7.7,77.1,0.0,0.7,0.0,13.1,23.0
3036200,3290,3.7,53.6,2.0,1.0,13.5,0.0,26.3,22.6
3036300,4716,1.4,4.7,82.6,1.1,0.4,0.0,9.8,29.6
3036400,2377,3.4,65.4,1.8,0.2,19.6,0.0,9.5,19.8
3036501,3254,0.0,0.9,91.0,0.0,1.0,0.0,7.1,27.0
3036502,1288,1.5,8.0,68.3,0.0,0.8,0.0,21.4,28.3
3036600,4695,4.6,49.7,2.2,0.0,31.3,0.0,12.2,23.3
3036700,1333,1.4,11.0,62.2,0.0,4.7,0.0,20.6,19.7
3036900,5907,2.4,11.4,71.7,0.0,1.1,0.0,13.5,29.4
3037000,4322,0.3,64.6,0.0,0.7,33.1,0.0,1.2,21.2
3037100,4570,2.1,7.1,81.2,0.0,2.0,0.0,7.6,29.4
3037300,4201,0.4,19.5,68.7,1.1,2.3,0.0,8.0,21.1
3037401,4238,4.9,73.2,5.7,0.0,10.7,0.0,5.6,20.6
3037402,5098,7.6,57.6,4.4,0.0,17.8,0.0,12.7,20.1
3037500,3221,3.4,26.2,49.3,2.9,9.3,0.0,8.8,20.0
3037700,4482,4.0,10.4,75.8,0.0,1.0,0.0,8.8,19.4
3037900,3878,1.2,12.2,80.8,0.0,1.1,0.0,4.7,23.4
3038100,5342,2.2,10.4,79.4,0.0,1.4,0.0,6.5,25.5
3038200,6188,5.2,10.6,42.4,0.0,16.7,0.0,25.1,26.6
3038300,4592,3.0,10.5,76.5,0.0,5.5,0.0,4.5,22.5
3038500,3788,4.3,16.0,64.6,0.7,4.9,0.0,9.5,16.4
3038600,3498,6.9,46.6,0.1,0.0,36.1,0.0,10.4,22.4
3038700,3991,4.9,22.6,69.0,0.5,1.0,0.0,2.0,20.0
3038800,4040,0.9,73.8,8.3,0.0,14.6,0.0,2.5,29.4
3038900,2994,1.1,44.1,9.4,3.1,12.6,0.0,29.8,18.0
3039000,2261,2.7,93.5,0.3,0.0,3.4,0.0,0.2,33.1
3039100,2782,4.3,45.5,27.6,0.0,4.5,0.0,18.0,18.9
3039200,3026,0.0,85.3,1.2,0.0,9.3,0.0,4.2,26.7
3039300,3790,2.6,45.0,29.0,1.9,6.5,0.0,15.0,17.6
3039400,2408,4.2,87.1,2.1,0.0,3.1,0.0,3.5,35.4
3039500,4076,3.9,34.2,33.5,0.0,9.9,0.0,18.5,24.2
3039600,2038,0.2,82.6,0.0,5.2,2.8,6.6,2.6,29.4
3039700,3417,2.9,30.8,53.1,0.0,1.8,0.0,11.4,20.8
3039800,2737,2.2,41.8,0.0,0.0,43.1,0.0,13.0,22.7
3039900,3822,2.5,22.2,46.6,0.3,0.6,0.3,27.4,19.2
3040000,3325,0.0,43.3,1.0,0.0,44.0,0.0,11.7,21.7
3040100,3169,3.3,26.9,45.9,0.0,3.4,0.0,20.4,17.6
3040200,2857,4.3,41.7,0.7,0.2,43.8,0.0,9.4,18.8
3040300,3687,0.7,24.4,61.9,0.0,2.4,0.0,10.6,15.5
3040400,2391,1.0,45.9,0.6,0.0,47.4,0.2,4.9,17.4
3040500,1670,1.7,21.2,33.1,0.0,3.3,0.0,40.7,18.8
3040600,3816,0.7,33.1,0.6,0.0,49.7,0.0,15.9,21.8
3040700,0,,,,,,,,
3040800,3548,1.4,32.7,0.6,0.0,48.9,0.0,16.5,22.4
3040900,3534,1.2,34.2,25.5,0.6,0.4,0.0,38.1,24.0
3041000,2096,1.2,68.9,1.1,0.0,28.5,0.0,0.2,28.8
3041100,3041,2.8,31.0,35.3,0.0,2.4,0.0,28.5,17.5
3041200,3168,1.4,59.2,0.0,0.8,33.4,0.0,5.2,18.3
3041300,3965,3.3,25.5,50.7,0.0,3.2,0.0,17.3,28.9
3041401,1612,0.0,73.6,0.6,0.0,8.4,0.0,17.4,32.3
3041402,1763,0.0,91.5,0.0,0.0,0.0,0.0,8.5,23.5
3041500,4192,6.1,28.1,40.9,0.9,3.1,0.0,20.9,27.2
3041600,2304,1.3,85.5,2.0,0.0,4.6,0.0,6.7,30.5
3041700,3101,4.3,29.8,38.7,0.5,3.6,0.0,23.0,20.3
3041800,2622,2.5,81.2,2.9,0.0,4.3,0.0,9.1,35.2
3041900,3614,4.5,39.6,24.3,1.2,2.1,0.0,28.5,23.3
3042000,1640,0.0,93.9,3.8,0.0,2.3,0.0,0.0,31.6
3042100,4226,1.9,39.2,15.1,1.4,5.0,0.0,37.4,22.0
3042200,3586,14.9,69.2,2.5,2.3,4.5,0.0,6.6,28.9
3042300,4222,0.9,51.4,8.0,0.6,4.2,0.0,34.9,15.9
3042400,3641,1.8,55.5,0.0,0.5,22.3,0.0,19.8,23.0
3042500,3104,7.7,49.4,13.4,0.0,3.8,0.0,25.6,22.3
3042600,4282,3.2,39.5,1.9,0.0,42.4,0.0,13.1,18.2
3042700,5064,3.6,52.6,7.8,0.3,5.8,0.0,29.8,22.5
3042800,3879,1.1,60.8,1.9,0.0,34.0,0.0,2.3,18.7
3042900,5326,5.5,44.1,5.6,0.0,5.5,0.0,39.3,21.4
3043000,3492,1.2,47.1,0.0,0.0,46.1,0.0,5.6,22.5
3043100,4936,1.3,53.6,6.2,2.9,8.4,0.0,27.6,22.9
3043200,4323,4.8,40.5,0.8,0.0,44.8,0.0,9.2,19.7
3043300,4014,4.6,30.8,21.7,0.8,4.3,0.5,37.4,25.8
3043400,3389,1.3,59.0,3.2,0.0,35.6,0.0,1.0,23.5
3043500,4912,3.8,26.2,23.1,0.0,2.0,0.0,44.8,22.6
3043600,4678,3.2,63.7,1.2,0.9,23.7,0.0,7.3,20.2
3043700,5795,4.8,38.3,30.7,0.1,1.2,0.0,24.9,19.9
3043800,2716,1.7,78.0,2.3,0.0,10.0,0.0,8.0,27.9
3043900,3706,5.3,30.9,32.7,2.4,4.8,0.0,23.9,19.2
3044000,2862,1.8,87.6,2.5,0.0,3.4,0.0,4.7,32.7
3044100,5094,1.4,44.2,11.5,0.5,13.7,0.0,28.7,14.4
3044200,2950,1.9,88.6,0.0,8.1,0.8,0.0,0.6,36.4
3044300,5014,1.7,40.9,7.1,0.0,18.1,0.0,32.1,21.2
3044400,3310,0.3,85.9,2.6,0.0,4.6,0.0,6.6,31.3
3044500,4796,4.0,34.9,8.8,1.7,10.0,0.0,40.6,21.5
3044600,2171,0.4,47.9,1.3,0.0,38.2,0.0,12.2,25.1
3044700,2378,3.4,46.3,19.1,0.0,3.8,0.2,27.2,19.9
3044800,1965,9.7,77.1,0.0,0.0,6.6,0.0,6.6,28.2
3044900,3237,2.0,32.7,44.6,0.7,2.2,0.0,17.8,29.9
3045000,537,0.0,96.6,0.0,0.0,2.6,0.0,0.7,40.2
3045200,2658,0.0,95.6,0.8,0.0,1.2,0.0,2.4,35.3
3045300,2482,1.6,45.6,26.9,0.0,3.9,0.0,22.0,10.7
3045400,1645,7.7,80.6,1.6,0.4,5.7,0.0,4.0,28.3
3045600,2376,11.5,68.6,0.9,0.0,18.6,0.0,0.4,33.8
3045800,1508,0.0,96.3,2.4,1.3,0.0,0.0,0.0,25.2
3046000,3568,4.9,48.5,0.7,0.0,42.9,0.0,3.0,27.4
3046201,2399,0.0,84.7,0.6,0.0,13.3,0.0,1.4,23.0
3046202,2041,0.0,90.5,0.0,0.0,1.8,0.0,7.7,34.8
3046400,2768,2.9,92.9,3.0,0.0,1.2,0.0,0.0,49.3
3046800,2220,1.0,96.4,0.4,0.0,2.3,0.0,0.0,50.5
3047000,2708,1.4,93.8,0.1,0.0,3.2,0.0,1.5,45.8
3047200,2579,0.0,98.2,1.2,0.0,0.6,0.0,0.0,44.9
3047400,2513,0.9,99.1,0.0,0.0,0.0,0.0,0.0,40.0
3047600,3800,0.4,87.2,3.8,0.0,0.3,0.0,8.3,40.4
3047700,3761,4.0,79.2,4.1,0.0,8.4,0.0,4.4,10.8
3047800,4538,1.2,77.8,0.0,0.6,4.9,0.0,15.5,38.1
3048000,3883,0.2,62.8,3.2,0.0,12.0,0.0,21.8,30.2
3048100,3066,1.1,76.0,5.5,0.0,10.3,0.0,7.1,8.9
3048200,5314,1.7,47.4,6.4,0.3,40.5,0.0,3.8,21.9
3048400,5711,6.5,72.5,6.8,0.0,12.2,0.0,1.9,37.6
3048500,2614,6.2,62.0,10.6,2.3,3.6,0.0,15.4,5.8
3048600,3292,0.9,39.4,3.2,0.0,39.9,0.0,16.5,30.2
3048800,3918,8.5,54.1,5.9,0.0,24.0,0.0,7.5,26.7
3048900,3506,4.2,17.8,46.1,2.7,1.0,0.0,28.2,24.0
3049000,5373,6.0,58.9,8.7,1.1,21.6,0.0,3.7,26.2
3049100,6594,1.6,33.6,20.3,1.3,33.9,0.3,8.9,16.5
3049200,3038,1.2,58.4,10.2,0.8,22.5,0.0,6.8,22.6
3049300,7471,4.5,45.8,24.1,0.0,4.5,0.0,21.1,21.5
3049400,5607,7.0,56.7,7.7,0.0,21.7,0.0,7.0,22.8
3049500,2654,3.2,73.2,5.6,0.0,10.3,0.0,7.7,9.4
3049600,4303,1.6,43.6,2.9,3.2,28.4,0.0,20.3,24.7
3049700,2882,5.9,71.0,0.9,0.6,15.9,0.0,5.6,7.4
3049800,4268,6.7,46.5,2.3,0.0,33.5,0.0,10.9,22.5
3049900,1827,2.9,85.6,0.8,0.0,7.3,0.0,3.4,13.0
3050000,3918,3.1,68.1,5.7,0.0,19.8,0.0,3.3,27.5
3050100,3174,1.6,73.9,3.3,2.4,6.7,0.0,12.1,10.4
3050202,2360,4.7,87.3,1.1,0.5,3.7,0.0,2.7,20.4
3050300,2591,4.2,75.4,2.0,4.2,7.0,0.0,7.1,8.6
3050400,4534,4.6,58.8,12.9,0.0,12.1,0.0,11.6,21.7
3050500,3817,5.1,44.5,19.4,1.1,13.3,0.0,16.6,12.1
3050600,5653,2.8,26.9,42.3,0.2,8.7,0.0,19.2,24.7
3050700,2867,2.3,79.0,7.2,0.0,2.1,0.0,9.5,55.9
3050801,4088,0.7,23.8,64.5,0.0,1.5,0.0,9.6,21.7
3050803,2383,2.3,24.7,55.4,0.3,3.6,0.0,13.8,16.1
3050804,6068,4.5,23.2,47.0,0.0,1.8,0.0,23.5,17.5
3050900,5024,0.7,89.6,5.5,0.0,0.0,0.2,4.0,65.1
3051001,4168,1.3,19.8,75.1,0.0,1.6,0.0,2.2,19.2
3051002,4608,3.7,15.9,61.0,0.0,1.7,0.0,17.7,23.4
3051100,4262,5.2,53.6,13.1,0.0,19.3,0.0,8.8,10.9
3051200,6103,4.9,21.0,58.4,0.0,1.0,0.0,14.7,26.6
3051300,5406,6.2,71.4,5.2,0.0,6.4,0.0,10.8,12.1
3051400,7942,6.1,22.3,41.7,1.2,10.9,0.0,17.9,30.6
3051500,2289,3.1,71.1,7.2,0.0,8.6,0.0,10.1,16.3
3051601,5201,0.4,7.9,77.4,0.0,4.6,0.0,9.7,19.0
3051602,4013,5.0,8.2,73.0,0.0,3.6,0.0,10.2,16.1
3051700,2529,3.4,79.3,2.4,0.0,9.5,0.0,5.5,9.6
3051800,3188,3.4,35.4,47.9,0.0,6.0,0.0,7.2,14.2
3051900,5217,4.7,80.0,4.8,0.0,9.3,0.0,1.3,7.1
3052000,4297,0.7,37.1,21.0,0.0,24.5,0.0,16.8,26.0
3052300,5204,2.1,57.5,6.5,3.5,7.0,0.2,23.3,16.0
3052500,3451,2.1,73.5,9.6,0.0,3.3,0.0,11.4,29.6
3052600,4658,2.3,45.5,22.2,3.3,13.2,0.0,13.6,22.5
3052700,6465,6.0,47.6,8.2,0.7,5.7,0.0,31.7,19.5
3052800,1814,4.5,64.1,3.9,0.0,22.7,0.0,4.9,21.6
3052900,3721,0.3,94.4,1.8,0.0,0.0,0.0,3.5,41.7
3053000,4098,1.0,65.1,1.9,0.0,26.6,0.0,5.3,31.6
3053100,9155,0.1,95.5,0.6,0.0,1.3,0.0,2.6,59.0
3053200,2740,4.9,62.5,8.1,0.0,22.4,0.0,2.1,24.7
3053300,6766,0.2,98.4,0.4,0.0,1.1,0.0,0.0,47.5
3053400,4577,3.2,64.3,7.6,1.9,21.0,0.0,2.0,35.7
3053500,4110,0.0,93.0,4.6,0.5,0.0,0.0,2.0,51.8
3053700,3710,0.1,97.6,1.2,0.0,0.8,0.0,0.3,52.8
3053800,4640,1.2,84.4,1.4,0.6,8.6,0.0,3.7,24.6
3053900,2513,0.4,87.6,2.7,0.0,0.9,0.0,8.4,38.5
3054200,4480,0.0,82.8,1.9,0.0,2.9,0.0,12.4,30.2
3054300,408,6.1,53.9,12.5,0.0,8.1,0.0,19.4,13.5
3054400,3764,2.2,73.8,0.0,0.0,22.7,0.0,1.3,21.0
3054500,8529,4.6,74.1,13.8,0.0,0.7,0.0,6.8,43.4
3054600,4730,6.2,81.7,4.6,0.0,7.0,0.0,0.4,26.0
3054700,5444,2.2,82.2,4.7,0.0,3.5,0.0,7.4,38.4
3054800,2046,3.9,93.3,0.5,0.0,1.1,0.0,1.2,29.5
3054900,3999,8.7,76.2,1.4,0.0,7.2,0.0,6.5,23.8
3055000,3330,1.4,79.0,3.3,0.0,10.6,0.0,5.8,21.1
3055100,5269,3.5,61.5,10.8,0.4,0.8,0.0,22.9,19.5
3055200,3296,10.3,77.2,0.6,0.0,11.9,0.0,0.1,20.2
